whitetune.out:    345877  0.17252      0.95896      0.89814      0.94129       1.0445       1.0927      0.85254       0.0000      0.86187      0.75940      0.80110    
whitetune.out:  11886732  0.17972       1.3492       1.0547      0.92455       1.1141       1.0867       1.0055       0.0000      0.90291      0.75329      0.70636    
whitetune.out:  25298134  0.17166      0.95269       1.2335      0.94818       1.0863      0.98955      0.61155       0.0000      0.98046       1.1311       1.4091    
whitetune.out:  25823757  0.17723      0.89005      0.78096      0.87785       1.1133      0.67496       1.0141       0.0000      0.98283      0.79587      0.90158    
whitetune.out:  31825021  0.17282      0.89524      0.85095       1.2457      0.87486      0.83735      0.71661       0.0000       1.2418       1.0182      0.99784    
whitetune.out:  69019306  0.17356      0.66532      0.94703      0.81772       1.0854      0.94138       1.3160       0.0000      0.89029      0.85300      0.99441    
whitetune.out:  75771748  0.17892      0.87403      0.68002      0.90673      0.86609       1.2673      0.96040       0.0000      0.99834       1.1853       1.2260    
whitetune.out:  75895261  0.17381       1.2224       1.2512      0.90485       1.1792       1.1158      0.93221       0.0000      0.86742      0.93013      0.96364    
whitetune.out:  94340958  0.17799      0.94907      0.96963      0.88080       1.1886       1.1599       1.1826       0.0000      0.88229      0.77927       1.0100    
whitetune.out: 103169832  0.17414       1.0007       1.0967      0.66861      0.97372      0.79793      0.57152       0.0000       1.1527       1.0775      0.77940    
whitetune.out: 109531798  0.17701      0.89787       1.0382      0.78925       1.1266       1.0116       1.1697       0.0000      0.93997       1.0617       1.0497    
whitetune.out: 111508286  0.17260      0.98851       1.0564      0.92710      0.78912       1.1020       1.2012       0.0000      0.56840       1.1752      0.94758    
whitetune.out: 122048733  0.17635      0.84489       1.0564      0.76633       1.1353      0.77627      0.63772       0.0000       1.0075       1.0377      0.79810    
whitetune.out: 123262723  0.17620       1.0069       1.0372      0.64764      0.82040      0.95777      0.76006       0.0000       1.0235      0.95610      0.92127    
whitetune.out: 127289726  0.17461       1.3620       1.2415      0.96391       1.2288      0.82009      0.79763       0.0000      0.81790      0.83707      0.80053    
whitetune.out: 128247938  0.17990      0.89691      0.85777      0.53854       1.0531      0.96805       1.2928       0.0000       1.0909       1.1284      0.94889    
whitetune.out: 139149638  0.17661      0.85275       1.0785      0.62473       1.1807      0.75942      0.87316       0.0000      0.71263      0.86028      0.92743    
whitetune.out: 140780193  0.17987      0.93327      0.81805      0.97468      0.78619      0.82642       1.1914       0.0000      0.80222      0.90838      0.99896    
whitetune.out: 153611741  0.17752      0.79496      0.56941      0.99702      0.81273      0.76842       1.1594       0.0000      0.81358      0.78625      0.84538    
whitetune.out: 164076578  0.17873      0.89706      0.62772      0.74844      0.75239       1.2559      0.92345       0.0000      0.86311       1.2182      0.96676    
whitetune.out: 169805556  0.17801      0.79728       1.0920      0.92306       1.2839      0.72332       1.0210       0.0000      0.88863       1.0589      0.99294    
whitetune.out: 177265705  0.17075      0.86449       1.0544      0.85923      0.68267       1.2320      0.77145       0.0000       1.0915      0.74800      0.89797    
whitetune.out: 192741407  0.17686      0.89244       1.1560      0.90853       1.0348      0.77426      0.84949       0.0000      0.87136       1.1377       1.1433    
whitetune.out: 200639200  0.17275      0.92601       1.0074       1.1500       1.0418      0.52929      0.98105       0.0000       1.1631      0.98385      0.82250    
whitetune.out: 208916458  0.17970      0.97794       1.2140      0.92218      0.91971       1.1265      0.93232       0.0000      0.64519      0.93363      0.76252    
whitetune.out: 210531004  0.17739      0.83495      0.79823      0.75392      0.65834      0.86778       1.0816       0.0000       1.1839      0.94108      0.91491    
whitetune.out: 210995835  0.17909      0.77930       1.2611      0.73698       1.0682      0.97483      0.95300       0.0000       1.0748      0.93047      0.94375    
whitetune.out: 215338125  0.17228      0.87229       1.2193      0.92098      0.78052      0.69939       1.1542       0.0000      0.98144       1.1767      0.94479    
whitetune.out: 228832756  0.17122      0.86095       1.0970       1.1756      0.96104      0.86408      0.67112       0.0000       1.4293      0.76446      0.99030    
whitetune.out: 229278368  0.17953       1.1724       1.0197      0.93703      0.80007       1.2578       1.1182       0.0000      0.99063      0.71713      0.70006    
whitetune.out: 230234773  0.17996      0.83273      0.64278      0.71181      0.99088       1.3194      0.84295       0.0000      0.74792      0.90198       1.0106    
whitetune.out: 236300966  0.17849      0.83699       1.0157      0.79857      0.88816       1.1719       1.3527       0.0000      0.91084       1.0965      0.79733    
whitetune.out: 240796234  0.17851       1.0278       1.2377       1.1394      0.80029       1.0393      0.78040       0.0000      0.98821      0.89781      0.91078    
whitetune.out: 254687214  0.17320       1.2346       1.2823       1.1390       1.1848      0.96840      0.99084       0.0000       1.0256      0.97141      0.95906    
whitetune.out: 254803034  0.17901       1.3178      0.90871      0.92806      0.94604      0.92346      0.99361       0.0000      0.66794      0.87198      0.97226    
whitetune.out: 269700190  0.17776       1.1938      0.88635       1.2831      0.70958       1.2769       1.1455       0.0000       1.1850       1.0191       1.0026    
whitetune.out: 279946366  0.17029       1.1282       1.4148      0.75780       1.1568       1.1966       1.2899       0.0000       1.2069      0.77804      0.82718    
whitetune.out: 286761444  0.17861       1.2759       1.0349       1.0578       1.2942       1.0548      0.94370       0.0000      0.98053      0.72556      0.86313    
whitetune.out: 287062604  0.17133       1.0954       1.1157      0.63420      0.68945       1.0754       1.0593       0.0000       1.0704      0.92653      0.84461    
whitetune.out: 298373995  0.17036      0.76966       1.0798       1.0304       1.0211      0.92465      0.93594       0.0000      0.85259      0.75283      0.99019    
whitetune.out: 310804793  0.17344       1.0151      0.92489      0.83356       1.1159      0.71123      0.94673       0.0000      0.95395      0.66908       1.0570    
whitetune.out: 311929966  0.17115       1.1667       1.1298      0.82214      0.92233      0.93910      0.81724       0.0000      0.83973      0.75646       1.0345    
whitetune.out: 335800811  0.17760       1.0542      0.92719       1.2247       1.0348      0.70654      0.91720       0.0000       1.0557       1.2210       1.0793    
whitetune.out: 340859832  0.17526      0.90499       1.2104       1.2294       1.2465       1.0876      0.84611       0.0000      0.92010       1.0518      0.76498    
whitetune.out: 341169907  0.17237      0.71358      0.82346       1.2437      0.93261       1.0499      0.98731       0.0000       1.0991      0.74561       1.0782    
whitetune.out: 357352220  0.17623      0.95784       1.3595      0.99333       1.0612      0.99234       1.0142       0.0000       1.1105       1.0299       1.1270    
whitetune.out: 365211079  0.17197      0.74588       1.2052      0.73199       1.1531       1.3083      0.88328       0.0000      0.87300       1.0788      0.91636    
whitetune.out: 370345363  0.17297       1.0414       1.2825      0.97944      0.83001      0.51313      0.81642       0.0000       1.0086       1.0878      0.90360    
whitetune.out: 375609845  0.17450       1.2038      0.76585       1.0271       1.0219      0.75799       1.1342       0.0000       1.0837      0.98818      0.81931    
whitetune.out: 376796873  0.17546       1.3324       1.0579       1.0330       1.0611      0.97082      0.88709       0.0000      0.91823      0.82548       1.1183    
whitetune.out: 380045865  0.17131      0.76047      0.83505      0.79551      0.95490      0.93098      0.90470       0.0000      0.88668      0.69251      0.94003    
whitetune.out: 380605993  0.17473       1.0189      0.83019      0.58200      0.81296      0.94107      0.80663       0.0000      0.81553      0.89428      0.88594    
whitetune.out: 384737240  0.17452       1.0154       1.0618       1.3179      0.87581      0.98817      0.83234       0.0000       1.1370       1.1672      0.84147    
whitetune.out: 386637202  0.17775      0.92506       1.1026      0.88752       1.3243      0.95082       1.3041       0.0000      0.56420       1.0214      0.89810    
whitetune.out: 388958557  0.17043       1.0166      0.75776       1.0548      0.96915      0.95031       1.0392       0.0000       1.3498       1.0350      0.83940    
whitetune.out: 394543945  0.17044       1.2629      0.90420      0.92446      0.82891       1.0656      0.94030       0.0000       1.0030       1.3016      0.89888    
whitetune.out: 403038491  0.17501       1.1412       1.1127      0.85361      0.85796      0.99364       1.2307       0.0000       1.3734      0.97850       1.0736    
whitetune.out: 417109088  0.17148      0.90684       1.1933       1.5687       1.0782      0.91340       1.1445       0.0000      0.70136       1.0321       1.1921    
whitetune.out: 417302470  0.17205      0.67092      0.90534      0.94886      0.97340       1.0806       1.0041       0.0000       1.0386      0.77155      0.64403    
whitetune.out: 426526575  0.17374       1.0507       1.1749      0.57796      0.69297       1.3226      0.98308       0.0000       1.1293       1.0464      0.89473    
whitetune.out: 428437006  0.17676       1.3196       1.2305      0.70974      0.79358      0.93917      0.76005       0.0000      0.95652      0.75803      0.83746    
whitetune.out: 455328427  0.17917      0.77957       1.0825      0.90906       1.0965      0.93693       1.0375       0.0000      0.82079       1.0551       1.0500    
whitetune.out: 457592331  0.17861       1.1725      0.84390       1.1073       1.1602      0.86981       1.0064       0.0000      0.83533       1.0169      0.94378    
whitetune.out: 464695534  0.17016      0.90212       1.2161       1.2403      0.81177      0.80336      0.73414       0.0000       1.0417      0.83407      0.79455    
whitetune.out: 465746439  0.25649      0.88527      0.91619      0.17222      0.99994      0.70386      0.93639       0.0000       1.0747       1.1384      0.54493    
whitetune.out: 466205722  0.17947      0.77121       1.0341       1.0270       1.1986      0.76079       1.0664       0.0000      0.67550       1.2357       1.0733    
whitetune.out: 474712387  0.17832      0.93387      0.98993       1.3359      0.96460       1.0634      0.81596       0.0000      0.75130       1.2101       1.0718    
whitetune.out: 482932934  0.25588       1.1217      0.78787       1.1043      0.17635      0.92277      0.67940       0.0000      0.94167       1.0463      0.93924    
whitetune.out: 488099859  0.17691       1.0855      0.98562      0.92454      0.62882      0.97915       1.0209       0.0000      0.79540       1.3004      0.99971    
whitetune.out: 498452839  0.25356      0.92829      0.82667      0.17072       1.3019      0.90194      0.94043       0.0000      0.93184      0.99817      0.77579    
whitetune.out: 512103859  0.25961      0.86316      0.17803       1.1691       1.0733       1.2579       1.3534       0.0000       1.0662      0.82426      0.66658    
whitetune.out: 512880668  0.17106       1.1526      0.97186       1.2595      0.89091      0.88215      0.96272       0.0000       1.0012       1.0546       1.1721    
whitetune.out: 513906068  0.17546      0.96633       1.1147      0.68976      0.68795       1.0552       1.0911       0.0000      0.92879       1.2172      0.74096    
whitetune.out: 514138643  0.17918      0.96936       1.1044       1.2491       1.1184       1.4132      0.73801       0.0000       1.1594      0.76595      0.77981    
whitetune.out: 519380807  0.24595       1.1604       1.2216      0.17338       1.1604      0.98331       1.0658       0.0000       1.2064      0.80826      0.81349    
whitetune.out: 548226052  0.25952      0.97461      0.89193       1.3586      0.17121      0.89715      0.91272       0.0000      0.67822       1.1096       1.1962    
whitetune.out: 551245033  0.17147      0.92376      0.99904       1.0506      0.95019       1.2011       1.0314       0.0000       1.3330      0.83677      0.65837    
whitetune.out: 555522291  0.24269       1.2591      0.68596      0.17337       1.3484      0.96581      0.80617       0.0000       1.0143      0.94648       1.0533    
whitetune.out: 555646167  0.17880      0.96044       1.0208       1.1584       1.4258       1.0868      0.91831       0.0000       1.2939       1.0754      0.85439    
whitetune.out: 558558657  0.17302       1.2634       1.0152      0.81753       1.0632      0.55002      0.84363       0.0000       1.2509      0.82610      0.90910    
whitetune.out: 571200240  0.17298       1.1360      0.96309       1.1159       1.0289       1.1535      0.88369       0.0000       1.0199      0.83452      0.83174    
whitetune.out: 574487261  0.24775      0.93733       1.1082      0.17080      0.85902       1.2315       1.1836       0.0000      0.83720       1.0322      0.95513    
whitetune.out: 576750503  0.25794       1.0072      0.55122      0.17905      0.89525      0.98217      0.82604       0.0000       1.0431       1.0619       1.0827    
whitetune.out: 583172666  0.17111      0.98349      0.98751       1.0107       1.1359      0.89310      0.60407       0.0000      0.93031      0.77886      0.81237    
whitetune.out: 594213291  0.24848      0.92508      0.96907       1.0679      0.93763      0.95349      0.17251       0.0000       1.0804      0.81934      0.94084    
whitetune.out: 601168084  0.25305       1.2982      0.17528      0.70486      0.91182       1.1003       1.2698       0.0000      0.61837       1.0328       1.0818    
whitetune.out: 601730408  0.17315       1.3888       1.1868       1.2229      0.95595      0.92462       1.1639       0.0000       1.0797       1.2268       1.0076    
whitetune.out: 603563412  0.17815       1.0984      0.71652      0.80776      0.89248      0.87771      0.78586       0.0000       1.2587      0.74054      0.83375    
whitetune.out: 620237643  0.17944       1.0716      0.68949       1.1574      0.76377       1.3360       1.4117       0.0000       1.0408      0.94856      0.80635    
whitetune.out: 631558124  0.17460      0.89595      0.79272      0.78047       1.1759       1.0152      0.99287       0.0000       1.0942       1.0376      0.98585    
whitetune.out: 636222732  0.17119      0.60864       1.0378       1.3367       1.2606       1.0948      0.93620       0.0000       1.1046       1.1290      0.78271    
whitetune.out: 637105174  0.17857       1.0020      0.97454      0.67447       1.0571       1.0716       1.1309       0.0000      0.97750       1.0206       1.3663    
whitetune.out: 656804338  0.24948       1.2727       1.1367      0.17379E-01   1.1323       1.1033       1.1358       0.0000       1.0701       1.0985       1.1159    
whitetune.out: 662409887  0.17267       1.3736      0.71620       1.0173       1.1361       1.3650       1.2418       0.0000      0.77565      0.98056       1.0866    
whitetune.out: 675945220  0.17045       1.0255      0.98585      0.89719      0.93001       1.0757      0.86345       0.0000       1.2959      0.84350      0.90186    
whitetune.out: 676578093  0.17835      0.83530       1.1407      0.85406      0.72782       1.4140      0.93045       0.0000      0.98236      0.91650      0.73727    
whitetune.out: 679387248  0.17894       1.2169       1.2446      0.86910      0.97337      0.60524      0.94318       0.0000       1.2318      0.59319       1.0675    
whitetune.out: 685893146  0.17022      0.76799      0.92100       1.3372      0.98590      0.93503       1.0356       0.0000      0.98875       1.1316       1.2231    
whitetune.out: 692908757  0.25727       1.4101      0.97892      0.79476       1.2109       1.0465       1.0866       0.0000       1.0221      0.76191      0.17777    
whitetune.out: 695812303  0.17007      0.93009      0.95223      0.91557       1.2047       1.0695      0.76596       0.0000      0.63626      0.90153      0.86390    
whitetune.out: 710480585  0.17914      0.67976      0.82370      0.89201       1.3188      0.68578       1.2095       0.0000      0.90514      0.97505      0.94177    
whitetune.out: 711029160  0.24690      0.78910      0.98130       1.0287      0.81926      0.85835      0.17939       0.0000      0.79300       1.0204       1.2984    
whitetune.out: 713511745  0.17597       1.2702       1.1820      0.77034      0.83214      0.71229      0.90203       0.0000      0.78564       1.2377       1.0977    
whitetune.out: 718431338  0.25731       1.0240      0.17675      0.95522      0.79286      0.85091       1.1673       0.0000      0.89109       1.1944      0.84893    
whitetune.out: 719359134  0.24649      0.45713       1.1038      0.17233       1.1071       1.1761      0.84060       0.0000      0.89552      0.81201      0.91843    
whitetune.out: 723556680  0.17071       1.0298      0.86801      0.99027      0.63341      0.85768       1.2578       0.0000       1.0787      0.94237       1.0038    
whitetune.out: 732374346  0.17478      0.79695      0.75683      0.85998      0.91468      0.93282      0.71233       0.0000      0.69129      0.89095       1.1218    
whitetune.out: 733200442  0.25837      0.17396      0.34416       1.2354      0.93836       1.0046      0.83979       0.0000      0.99305      0.98712       1.1507    
whitetune.out: 733731716  0.17737       1.0101      0.86739      0.96522      0.70877       1.0277      0.61827       0.0000       1.1029       1.2191      0.80720    
whitetune.out: 735058796  0.17839       1.2248      0.81679       1.1169      0.84039       1.0059       1.2187       0.0000       1.0627      0.67355      0.97513    
whitetune.out: 736168244  0.17995      0.80114      0.69303       1.2810       1.0164      0.94975      0.99356       0.0000       1.0562      0.82502      0.99870    
whitetune.out: 749759314  0.17940      0.94980      0.78199      0.77661      0.81247       1.1550       1.0779       0.0000       1.0556       1.0921      0.69283    
whitetune.out: 762787973  0.17659      0.88957      0.79250       1.1766       1.0549      0.89870       1.1437       0.0000       1.2509      0.99144      0.87964    
whitetune.out: 766208052  0.25977      0.89900      0.84566      0.17580      0.79286      0.82178       1.1407       0.0000      0.88472      0.66022       1.2193    
whitetune.out: 770901849  0.17345      0.95519      0.90332       1.1799       1.0948      0.87732      0.87887       0.0000      0.94986      0.84015       1.1313    
whitetune.out: 771970814  0.17544      0.81306      0.80231      0.98035      0.90514      0.86343       1.1172       0.0000       1.0560      0.68896      0.55139    
whitetune.out: 773732243  0.17328       1.0885      0.84269       1.2885       1.1267       1.0229      0.86098       0.0000       1.0578       1.3601      0.74839    
whitetune.out: 776388872  0.17788       1.1048      0.89557      0.88954       1.0562       1.1096       1.0484       0.0000       1.2107      0.60382      0.92618    
whitetune.out: 784116307  0.17971       1.2251       1.3557       1.1996       1.1658      0.94350      0.96890       0.0000      0.82103      0.90290      0.82875    
whitetune.out: 793502538  0.17874      0.75790      0.95984      0.77055       1.3562       1.1657       1.1852       0.0000      0.94501      0.68668      0.93594    
whitetune.out: 798504989  0.17101       1.2240      0.84383      0.93918       1.0928      0.97326      0.94050       0.0000      0.95474       1.0362       1.0052    
whitetune.out3: 811925688  0.17867       1.0243       1.0542      0.79845      0.95726       1.0531       1.1289       0.0000      0.64626      0.92296       1.1015    
whitetune.out3: 814453606  0.17653       1.0610       1.0935      0.87179      0.94476      0.81156      0.94326       0.0000      0.93385      0.80124      0.86814    
whitetune.out3: 824719216  0.17406      0.87455      0.57881      0.97707       1.3082      0.99194      0.97152       0.0000       1.0108      0.72666       1.0514    
whitetune.out3: 827827572  0.24893       1.0957       1.0909      0.77313      0.74453       1.1723      0.17381       0.0000       1.1796       1.0200      0.93386    
whitetune.out3: 838219983  0.17184      0.98990      0.96476       1.2031       1.3155       1.0508       1.1137       0.0000      0.76118      0.89588      0.86197    
whitetune.out3: 848051584  0.17871      0.81999       1.2845      0.68032      0.93502       1.0134       1.1540       0.0000      0.95293      0.81838      0.92108    
whitetune.out3: 855026755  0.23134      0.94340       1.0677       1.0519      0.96044      0.96721      0.17965       0.0000      0.96656      0.88043       1.0772    
whitetune.out3: 863757873  0.25882       1.0288      0.71410      0.17837       1.1136      0.76814       1.0069       0.0000      0.96971       1.1927      0.83891    
whitetune.out3: 865755616  0.17358      0.88075      0.99843      0.86171       1.2460       1.1760      0.90925       0.0000       1.1104      0.96616       1.1724    
whitetune.out3: 870288352  0.17185      0.91949      0.93994       1.0199       1.1393       1.2393      0.97418       0.0000       1.2065      0.98669       1.0355    
whitetune.out3: 877303508  0.25853       1.2400       1.0209       1.1435      0.17600      0.97100      0.45817       0.0000      0.82668      0.89959      0.92747    
whitetune.out3: 883784490  0.17515       1.1558      0.80963       1.1735      0.83714      0.93024       1.0666       0.0000      0.77336       1.2383       1.3457    
whitetune.out3: 887564075  0.17597      0.89068      0.99413      0.89798      0.86435       1.0985      0.83056       0.0000      0.76921      0.48682       1.2397    
whitetune.out3: 899397759  0.17716      0.94341      0.96422      0.50828      0.63259      0.93613       1.2212       0.0000       1.2018      0.92207       1.1288    
whitetune.out3: 900078574  0.17204      0.79314      0.85028      0.99047      0.90859       1.1871       1.3274       0.0000      0.99852      0.89389      0.97987    
whitetune.out3: 914827886  0.17187      0.84894       1.0844      0.84382      0.98827       1.0239      0.80381       0.0000      0.74379       1.2016       1.0034    
whitetune.out3: 923896097  0.17383      0.81068       1.1352      0.99102      0.78379      0.87894      0.66679       0.0000      0.63874      0.86511      0.94408    
whitetune.out3: 929451094  0.24708      0.82515      0.89942      0.94657      0.17985      0.78581      0.98016       0.0000      0.99764       1.0848      0.94330    
whitetune.out3: 930974391  0.24795      0.74177       1.1561      0.78982       1.0547      0.98738      0.17925       0.0000       1.0974       1.1835       1.1545    
whitetune.out3: 936388764  0.17748      0.96382      0.98114      0.76250       1.0429      0.68621      0.56561       0.0000      0.91508       1.0787      0.78927    
whitetune.out3: 938691081  0.17350       1.1868       1.1236       1.0306       1.1356      0.80959      0.92777       0.0000      0.96424       1.0747       1.0893    
whitetune.out3: 940310048  0.17398      0.99080      0.82838      0.93252       1.0836       1.1120      0.77721       0.0000      0.73664       1.2268      0.74598    
whitetune.out3: 941207390  0.17818      0.90610       1.2152      0.87499      0.91503       1.0845      0.86665       0.0000      0.76915      0.84402      0.81501    
whitetune.out3: 942851359  0.25996      0.17392       1.1151      0.58443       1.0586      0.98003      0.81591       0.0000       1.0782      0.79787      0.65490    
whitetune.out3: 942856666  0.17042       1.2358      0.84092       1.0136      0.72837      0.80534      0.94185       0.0000      0.95858       1.0227      0.66433    
whitetune.out3: 942952674  0.23040      0.93934       1.0822      0.85665       1.0494      0.81362      0.89946       0.0000      0.17365      0.58159       1.0169    
whitetune.out3: 967229498  0.17312       1.1170      0.83628      0.88626       1.1151      0.80510       1.1349       0.0000      0.76084       1.0284       1.2962    
whitetune.out3: 968676444  0.17793       1.0550       1.1261      0.75776       1.0592      0.97432      0.78705       0.0000       1.2854      0.95785       1.1589    
whitetune.out3: 969390742  0.24722      0.83848       1.1878      0.60418       1.0310      0.98317      0.17385       0.0000      0.85305      0.93882       1.0168    
whitetune.out3: 971547542  0.17435      0.85707      0.94029       1.2456       1.0662       1.0398      0.72526       0.0000       1.0380      0.72062       1.2980    
whitetune.out3: 978525944  0.17729       1.2195       1.0773      0.93467      0.94266       1.0246       1.0830       0.0000      0.68049      0.92181      0.97119    
whitetune.out3: 983079345  0.17131      0.58352       1.0512       1.0576       1.0706      0.57783      0.93143       0.0000      0.95551      0.86930       1.1000    
whitetune.out3: 995355317  0.17399      0.94256       1.1092      0.97441      0.84761      0.78461      0.77432       0.0000      0.86069      0.92130      0.90202    
whitetune.out3:1002328304  0.25163      0.84719       1.0932      0.17680       1.1984      0.98513       1.2769       0.0000       1.1317      0.98886       1.1156    
whitetune.out3:1010864296  0.17644       1.1491      0.82948      0.86624      0.64194      0.80393       1.1024       0.0000      0.80432      0.93752      0.98724    
whitetune.out3:1010898971  0.24496       1.0236       1.1469      0.87255      0.99249      0.72883      0.17653       0.0000      0.78624      0.77131       1.1705    
whitetune.out3:1011905860  0.17853       1.1690      0.88378      0.89788      0.89594      0.92470      0.74512       0.0000      0.99764       1.2342       1.0623    
whitetune.out3:1024737013  0.25497      0.17525      0.70773       1.2780      0.96635      0.98293       1.0444       0.0000      0.98684      0.81634       1.1410    
whitetune.out3:1025823757  0.17723      0.89005      0.78096      0.87785       1.1133      0.67496       1.0141       0.0000      0.98283      0.79587      0.90158    
whitetune.out3:1026034786  0.17381       1.0566       1.0185      0.94838       1.1986       1.0855      0.87903       0.0000       1.1664       1.0637       1.0158    
whitetune.out3:1031825021  0.17282      0.89524      0.85095       1.2457      0.87486      0.83735      0.71661       0.0000       1.2418       1.0182      0.99784    
whitetune.out3:1031882912  0.17058      0.98989      0.99898      0.79213       1.1210      0.85586      0.93788       0.0000       1.0467      0.74256       1.3094    
whitetune.out3:1048791139  0.17337      0.68976      0.95161      0.92764       1.0123      0.66738       1.1364       0.0000       1.2558      0.96408       1.1660    
whitetune.out3:1052934222  0.25351      0.17634       1.0728      0.66477      0.74300       1.0500       1.1862       0.0000       1.0802      0.99603       1.0617    
whitetune.out3:1052956766  0.17153       1.2150      0.69544       1.0471      0.94287      0.96098      0.77533       0.0000       1.0027       1.0406       1.1605    
whitetune.out3:1073478054  0.25778       1.0396      0.78397      0.17476       1.3861      0.63760      0.93552       0.0000       1.0173      0.98977      0.94243    
whitetune.out3:1074963121  0.25421       1.1186      0.88688      0.17541      0.79388      0.73559       1.1060       0.0000       1.0756       1.1009       1.2401    
whitetune.out3:1087291160  0.25085      0.17958      0.56621      0.89555      0.74978      0.74272       1.1834       0.0000      0.90174      0.84404      0.78559    
whitetune.out3:1105197254  0.17329       1.1468       1.0837      0.93959      0.91980       1.4084       1.0244       0.0000       1.1017       1.0045       1.2960    
whitetune.out3:1109595769  0.17145       1.0179       1.1904      0.69162      0.77057      0.98640       1.2513       0.0000       1.1552       1.1043      0.76907    
whitetune.out3:1115941389  0.17802       1.1138       1.2931      0.86162      0.76690       1.2676      0.89996       0.0000      0.95763      0.95516      0.91802    
whitetune.out3:1122048733  0.17635      0.84489       1.0564      0.76633       1.1353      0.77627      0.63772       0.0000       1.0075       1.0377      0.79810    
whitetune.out3:1123262723  0.17620       1.0069       1.0372      0.64764      0.82040      0.95777      0.76006       0.0000       1.0235      0.95610      0.92127    
whitetune.out3:1127289726  0.17461       1.3620       1.2415      0.96391       1.2288      0.82009      0.79763       0.0000      0.81790      0.83707      0.80053    
whitetune.out3:1128687536  0.25211       1.4159       1.2022      0.17364      0.90273      0.84910      0.98122       0.0000       1.1707      0.90349       1.1129    
whitetune.out3:1130031951  0.25722      0.82817       1.1017      0.17462      0.75468      0.80756      0.87167       0.0000      0.76896       1.2494      0.73556    
whitetune.out3:1146732959  0.17518      0.86188       1.3508       1.0198       1.0581       1.1412      0.99201       0.0000      0.59933      0.89949       1.0240    
whitetune.out3:1149455238  0.17209      0.94189      0.70243      0.79821       1.2564       1.0810       1.0175       0.0000      0.68983       1.1046      0.90173    
whitetune.out3:1155050362  0.17803       1.3108      0.86058      0.82157      0.97135      0.81944       1.0056       0.0000       1.1220       1.0637       1.1466    
whitetune.out3:1164076578  0.17873      0.89706      0.62772      0.74844      0.75239       1.2559      0.92345       0.0000      0.86311       1.2182      0.96676    
whitetune.out3:1169805556  0.17801      0.79728       1.0920      0.92306       1.2839      0.72332       1.0210       0.0000      0.88863       1.0589      0.99294    
whitetune.out3:1177265705  0.17075      0.86449       1.0544      0.85923      0.68267       1.2320      0.77145       0.0000       1.0915      0.74800      0.89797    
whitetune.out3:1185173321  0.25989       1.1740      0.92076      0.17629       1.0655       1.1267       1.5058       0.0000      0.98783      0.99980      0.83816    
whitetune.out3:1192741407  0.17686      0.89244       1.1560      0.90853       1.0348      0.77426      0.84949       0.0000      0.87136       1.1377       1.1433    
whitetune.out3:1199883562  0.25315       1.1846      0.82598      0.17036      0.70511      0.93138       1.0099       0.0000      0.72939      0.98879       1.0672    
whitetune.out3:1200639200  0.17275      0.92601       1.0074       1.1500       1.0418      0.52929      0.98105       0.0000       1.1631      0.98385      0.82250    
whitetune.out3:1208916458  0.17970      0.97794       1.2140      0.92218      0.91971       1.1265      0.93232       0.0000      0.64519      0.93363      0.76252    
whitetune.out3:1210531004  0.17739      0.83495      0.79823      0.75392      0.65834      0.86778       1.0816       0.0000       1.1839      0.94108      0.91491    
whitetune.out3:1210995835  0.17909      0.77930       1.2611      0.73698       1.0682      0.97483      0.95300       0.0000       1.0748      0.93047      0.94375    
whitetune.out3:1215338125  0.17228      0.87229       1.2193      0.92098      0.78052      0.69939       1.1542       0.0000      0.98144       1.1767      0.94479    
whitetune.out3:1224112796  0.24828      0.91434      0.87587      0.17020       1.1047       1.2619      0.72308       0.0000       1.1965      0.94642      0.59441    
whitetune.out3:1228571417  0.25655      0.72710      0.63208      0.17339       1.0605      0.92835       1.2490       0.0000      0.87238      0.80369      0.80690    
whitetune.out3:1228832756  0.17122      0.86095       1.0970       1.1756      0.96104      0.86408      0.67112       0.0000       1.4293      0.76446      0.99030    
whitetune.out3:1229278368  0.17953       1.1724       1.0197      0.93703      0.80007       1.2578       1.1182       0.0000      0.99063      0.71713      0.70006    
whitetune.out3:1230234773  0.17996      0.83273      0.64278      0.71181      0.99088       1.3194      0.84295       0.0000      0.74792      0.90198       1.0106    
whitetune.out3:1236300966  0.17849      0.83699       1.0157      0.79857      0.88816       1.1719       1.3527       0.0000      0.91084       1.0965      0.79733    
whitetune.out3:1240796234  0.17851       1.0278       1.2377       1.1394      0.80029       1.0393      0.78040       0.0000      0.98821      0.89781      0.91078    
whitetune.out3:1254687214  0.17320       1.2346       1.2823       1.1390       1.1848      0.96840      0.99084       0.0000       1.0256      0.97141      0.95906    
whitetune.out3:1254803034  0.17901       1.3178      0.90871      0.92806      0.94604      0.92346      0.99361       0.0000      0.66794      0.87198      0.97226    
whitetune.out3:1269700190  0.17776       1.1938      0.88635       1.2831      0.70958       1.2769       1.1455       0.0000       1.1850       1.0191       1.0026    
whitetune.out3:1279946366  0.17029       1.1282       1.4148      0.75780       1.1568       1.1966       1.2899       0.0000       1.2069      0.77804      0.82718    
whitetune.out3:1286761444  0.17861       1.2759       1.0349       1.0578       1.2942       1.0548      0.94370       0.0000      0.98053      0.72556      0.86313    
whitetune.out3:1287062604  0.17133       1.0954       1.1157      0.63420      0.68945       1.0754       1.0593       0.0000       1.0704      0.92653      0.84461    
whitetune.out3:1298373995  0.17036      0.76966       1.0798       1.0304       1.0211      0.92465      0.93594       0.0000      0.85259      0.75283      0.99019    
whitetune.out3:1299345071  0.24682      0.93723       1.0106      0.17162       1.1764       1.0359      0.98824       0.0000       1.2456      0.98954       1.0732    
whitetune.out3:1310804793  0.17344       1.0151      0.92489      0.83356       1.1159      0.71123      0.94673       0.0000      0.95395      0.66908       1.0570    
whitetune.out3:1311929966  0.17115       1.1667       1.1298      0.82214      0.92233      0.93910      0.81724       0.0000      0.83973      0.75646       1.0345    
whitetune.out3:1318164661  0.24681      0.96001      0.17521       1.1094      0.81321      0.75677       1.1253       0.0000       1.3340       1.0242       1.0770    
whitetune.out3:1326815426  0.25618      0.80793      0.90842       1.1398      0.95580       1.0527       1.0548       0.0000      0.17915       1.0113       1.0432    
whitetune.out3:1335022243  0.25676       1.2291      0.57669      0.17678       1.1182       1.2146      0.84013       0.0000      0.93347      0.72011      0.91779    
whitetune.out3:1335378475  0.25057      0.17759      0.64075      0.96940       1.0335      0.87532      0.93301       0.0000      0.80765      0.84090       1.1645    
whitetune.out3:1335800811  0.17760       1.0542      0.92719       1.2247       1.0348      0.70654      0.91720       0.0000       1.0557       1.2210       1.0793    
whitetune.out3:1340859832  0.17526      0.90499       1.2104       1.2294       1.2465       1.0876      0.84611       0.0000      0.92010       1.0518      0.76498    
whitetune.out3:1341169907  0.17237      0.71358      0.82346       1.2437      0.93261       1.0499      0.98731       0.0000       1.0991      0.74561       1.0782    
whitetune.out3:1347362707  0.25425      0.96628      0.78877      0.17291      0.79089       1.2073      0.82434       0.0000       1.0900       1.2829      0.80380    
whitetune.out3:1355033124  0.25913       1.1154      0.67347      0.17838       1.1763      0.84534      0.33549       0.0000       1.2715       1.0924      0.93638    
whitetune.out3:1357352220  0.17623      0.95784       1.3595      0.99333       1.0612      0.99234       1.0142       0.0000       1.1105       1.0299       1.1270    
whitetune.out3:1363255722  0.25579      0.88520      0.64722       1.2616      0.68950      0.64228      0.17327       0.0000      0.74401       1.0336      0.67659    
whitetune.out3:1365211079  0.17197      0.74588       1.2052      0.73199       1.1531       1.3083      0.88328       0.0000      0.87300       1.0788      0.91636    
whitetune.out3:1365711406  0.25635       1.1598      0.99803      0.17961      0.70538      0.78155       1.0974       0.0000      0.90229      0.89729      0.99222    
whitetune.out3:1370345363  0.17297       1.0414       1.2825      0.97944      0.83001      0.51313      0.81642       0.0000       1.0086       1.0878      0.90360    
whitetune.out3:1375609845  0.17450       1.2038      0.76585       1.0271       1.0219      0.75799       1.1342       0.0000       1.0837      0.98818      0.81931    
whitetune.out3:1376796873  0.17546       1.3324       1.0579       1.0330       1.0611      0.97082      0.88709       0.0000      0.91823      0.82548       1.1183    
whitetune.out3:1380045865  0.17131      0.76047      0.83505      0.79551      0.95490      0.93098      0.90470       0.0000      0.88668      0.69251      0.94003    
whitetune.out3:1380605993  0.17473       1.0189      0.83019      0.58200      0.81296      0.94107      0.80663       0.0000      0.81553      0.89428      0.88594    
whitetune.out3:1384737240  0.17452       1.0154       1.0618       1.3179      0.87581      0.98817      0.83234       0.0000       1.1370       1.1672      0.84147    
whitetune.out3:1386637202  0.17775      0.92506       1.1026      0.88752       1.3243      0.95082       1.3041       0.0000      0.56420       1.0214      0.89810    
whitetune.out3:1388958557  0.17043       1.0166      0.75776       1.0548      0.96915      0.95031       1.0392       0.0000       1.3498       1.0350      0.83940    
whitetune.out3:1394543945  0.17044       1.2629      0.90420      0.92446      0.82891       1.0656      0.94030       0.0000       1.0030       1.3016      0.89888    
whitetune.out3:1403038491  0.17501       1.1412       1.1127      0.85361      0.85796      0.99364       1.2307       0.0000       1.3734      0.97850       1.0736    
whitetune.out3:1409984882  0.25968      0.86511      0.93611      0.17833      0.96256       1.3349      0.84185       0.0000      0.91206      0.83464      0.78511    
whitetune.out3:1417109088  0.17148      0.90684       1.1933       1.5687       1.0782      0.91340       1.1445       0.0000      0.70136       1.0321       1.1921    
whitetune.out3:1417302470  0.17205      0.67092      0.90534      0.94886      0.97340       1.0806       1.0041       0.0000       1.0386      0.77155      0.64403    
whitetune.out3:1426526575  0.17374       1.0507       1.1749      0.57796      0.69297       1.3226      0.98308       0.0000       1.1293       1.0464      0.89473    
whitetune.out3:1428437006  0.17676       1.3196       1.2305      0.70974      0.79358      0.93917      0.76005       0.0000      0.95652      0.75803      0.83746    
whitetune.out3:1455328427  0.17917      0.77957       1.0825      0.90906       1.0965      0.93693       1.0375       0.0000      0.82079       1.0551       1.0500    
whitetune.out3:1457592331  0.17861       1.1725      0.84390       1.1073       1.1602      0.86981       1.0064       0.0000      0.83533       1.0169      0.94378    
whitetune.out3:1464695534  0.17016      0.90212       1.2161       1.2403      0.81177      0.80336      0.73414       0.0000       1.0417      0.83407      0.79455    
whitetune.out3:1465746439  0.25649      0.88527      0.91619      0.17222      0.99994      0.70386      0.93639       0.0000       1.0747       1.1384      0.54493    
whitetune.out3:1466205722  0.17947      0.77121       1.0341       1.0270       1.1986      0.76079       1.0664       0.0000      0.67550       1.2357       1.0733    
whitetune.out3:1474712387  0.17832      0.93387      0.98993       1.3359      0.96460       1.0634      0.81596       0.0000      0.75130       1.2101       1.0718    
whitetune.out3:1482932934  0.25588       1.1217      0.78787       1.1043      0.17635      0.92277      0.67940       0.0000      0.94167       1.0463      0.93924    
whitetune.out3:1488099859  0.17691       1.0855      0.98562      0.92454      0.62882      0.97915       1.0209       0.0000      0.79540       1.3004      0.99971    
whitetune.out3:1498452839  0.25356      0.92829      0.82667      0.17072       1.3019      0.90194      0.94043       0.0000      0.93184      0.99817      0.77579    
whitetune.out3:1512103859  0.25961      0.86316      0.17803       1.1691       1.0733       1.2579       1.3534       0.0000       1.0662      0.82426      0.66658    
whitetune.out3:1512880668  0.17106       1.1526      0.97186       1.2595      0.89091      0.88215      0.96272       0.0000       1.0012       1.0546       1.1721    
whitetune.out3:1513906068  0.17546      0.96633       1.1147      0.68976      0.68795       1.0552       1.0911       0.0000      0.92879       1.2172      0.74096    
whitetune.out3:1514138643  0.17918      0.96936       1.1044       1.2491       1.1184       1.4132      0.73801       0.0000       1.1594      0.76595      0.77981    
whitetune.out3:1519380807  0.24595       1.1604       1.2216      0.17338       1.1604      0.98331       1.0658       0.0000       1.2064      0.80826      0.81349    
whitetune.out3:1548226052  0.25952      0.97461      0.89193       1.3586      0.17121      0.89715      0.91272       0.0000      0.67822       1.1096       1.1962    
whitetune.out3:1551245033  0.17147      0.92376      0.99904       1.0506      0.95019       1.2011       1.0314       0.0000       1.3330      0.83677      0.65837    
whitetune.out3:1555522291  0.24269       1.2591      0.68596      0.17337       1.3484      0.96581      0.80617       0.0000       1.0143      0.94648       1.0533    
whitetune.out3:1555646167  0.17880      0.96044       1.0208       1.1584       1.4258       1.0868      0.91831       0.0000       1.2939       1.0754      0.85439    
whitetune.out3:1558558657  0.17302       1.2634       1.0152      0.81753       1.0632      0.55002      0.84363       0.0000       1.2509      0.82610      0.90910    
whitetune.out3:1571200240  0.17298       1.1360      0.96309       1.1159       1.0289       1.1535      0.88369       0.0000       1.0199      0.83452      0.83174    
whitetune.out3:1574487261  0.24775      0.93733       1.1082      0.17080      0.85902       1.2315       1.1836       0.0000      0.83720       1.0322      0.95513    
whitetune.out3:1576750503  0.25794       1.0072      0.55122      0.17905      0.89525      0.98217      0.82604       0.0000       1.0431       1.0619       1.0827    
whitetune.out3:1583172666  0.17111      0.98349      0.98751       1.0107       1.1359      0.89310      0.60407       0.0000      0.93031      0.77886      0.81237    
whitetune.out3:1594213291  0.24848      0.92508      0.96907       1.0679      0.93763      0.95349      0.17251       0.0000       1.0804      0.81934      0.94084    
whitetune.out3:1601168084  0.25305       1.2982      0.17528      0.70486      0.91182       1.1003       1.2698       0.0000      0.61837       1.0328       1.0818    
whitetune.out3:1601730408  0.17315       1.3888       1.1868       1.2229      0.95595      0.92462       1.1639       0.0000       1.0797       1.2268       1.0076    
whitetune.out3:1603563412  0.17815       1.0984      0.71652      0.80776      0.89248      0.87771      0.78586       0.0000       1.2587      0.74054      0.83375    
whitetune.out3:1620237643  0.17944       1.0716      0.68949       1.1574      0.76377       1.3360       1.4117       0.0000       1.0408      0.94856      0.80635    
whitetune.out3:1631558124  0.17460      0.89595      0.79272      0.78047       1.1759       1.0152      0.99287       0.0000       1.0942       1.0376      0.98585    
whitetune.out3:1636222732  0.17119      0.60864       1.0378       1.3367       1.2606       1.0948      0.93620       0.0000       1.1046       1.1290      0.78271    
whitetune.out3:1637105174  0.17857       1.0020      0.97454      0.67447       1.0571       1.0716       1.1309       0.0000      0.97750       1.0206       1.3663    
whitetune.out3:1656804338  0.24948       1.2727       1.1367      0.17379E-01   1.1323       1.1033       1.1358       0.0000       1.0701       1.0985       1.1159    
whitetune.out3:1662409887  0.17267       1.3736      0.71620       1.0173       1.1361       1.3650       1.2418       0.0000      0.77565      0.98056       1.0866    
whitetune.out3:1675945220  0.17045       1.0255      0.98585      0.89719      0.93001       1.0757      0.86345       0.0000       1.2959      0.84350      0.90186    
whitetune.out3:1676578093  0.17835      0.83530       1.1407      0.85406      0.72782       1.4140      0.93045       0.0000      0.98236      0.91650      0.73727    
whitetune.out3:1679387248  0.17894       1.2169       1.2446      0.86910      0.97337      0.60524      0.94318       0.0000       1.2318      0.59319       1.0675    
whitetune.out3:1685893146  0.17022      0.76799      0.92100       1.3372      0.98590      0.93503       1.0356       0.0000      0.98875       1.1316       1.2231    
whitetune.out3:1692908757  0.25727       1.4101      0.97892      0.79476       1.2109       1.0465       1.0866       0.0000       1.0221      0.76191      0.17777    
whitetune.out3:1695812303  0.17007      0.93009      0.95223      0.91557       1.2047       1.0695      0.76596       0.0000      0.63626      0.90153      0.86390    
whitetune.out3:1710480585  0.17914      0.67976      0.82370      0.89201       1.3188      0.68578       1.2095       0.0000      0.90514      0.97505      0.94177    
whitetune.out3:1711029160  0.24690      0.78910      0.98130       1.0287      0.81926      0.85835      0.17939       0.0000      0.79300       1.0204       1.2984    
whitetune.out3:1713511745  0.17597       1.2702       1.1820      0.77034      0.83214      0.71229      0.90203       0.0000      0.78564       1.2377       1.0977    
whitetune.out3:1718431338  0.25731       1.0240      0.17675      0.95522      0.79286      0.85091       1.1673       0.0000      0.89109       1.1944      0.84893    
whitetune.out3:1719359134  0.24649      0.45713       1.1038      0.17233       1.1071       1.1761      0.84060       0.0000      0.89552      0.81201      0.91843    
whitetune.out3:1723556680  0.17071       1.0298      0.86801      0.99027      0.63341      0.85768       1.2578       0.0000       1.0787      0.94237       1.0038    
whitetune.out3:1732374346  0.17478      0.79695      0.75683      0.85998      0.91468      0.93282      0.71233       0.0000      0.69129      0.89095       1.1218    
whitetune.out3:1733200442  0.25837      0.17396      0.34416       1.2354      0.93836       1.0046      0.83979       0.0000      0.99305      0.98712       1.1507    
whitetune.out3:1733731716  0.17737       1.0101      0.86739      0.96522      0.70877       1.0277      0.61827       0.0000       1.1029       1.2191      0.80720    
whitetune.out3:1735058796  0.17839       1.2248      0.81679       1.1169      0.84039       1.0059       1.2187       0.0000       1.0627      0.67355      0.97513    
whitetune.out3:1736168244  0.17995      0.80114      0.69303       1.2810       1.0164      0.94975      0.99356       0.0000       1.0562      0.82502      0.99870    
whitetune.out3:1749759314  0.17940      0.94980      0.78199      0.77661      0.81247       1.1550       1.0779       0.0000       1.0556       1.0921      0.69283    
whitetune.out3:1762787973  0.17659      0.88957      0.79250       1.1766       1.0549      0.89870       1.1437       0.0000       1.2509      0.99144      0.87964    
whitetune.out3:1766208052  0.25977      0.89900      0.84566      0.17580      0.79286      0.82178       1.1407       0.0000      0.88472      0.66022       1.2193    
whitetune.out3:1770901849  0.17345      0.95519      0.90332       1.1799       1.0948      0.87732      0.87887       0.0000      0.94986      0.84015       1.1313    
whitetune.out3:1771970814  0.17544      0.81306      0.80231      0.98035      0.90514      0.86343       1.1172       0.0000       1.0560      0.68896      0.55139    
whitetune.out3:1773732243  0.17328       1.0885      0.84269       1.2885       1.1267       1.0229      0.86098       0.0000       1.0578       1.3601      0.74839    
whitetune.out3:1776388872  0.17788       1.1048      0.89557      0.88954       1.0562       1.1096       1.0484       0.0000       1.2107      0.60382      0.92618    
whitetune.out3:1784116307  0.17971       1.2251       1.3557       1.1996       1.1658      0.94350      0.96890       0.0000      0.82103      0.90290      0.82875    
whitetune.out3:1793502538  0.17874      0.75790      0.95984      0.77055       1.3562       1.1657       1.1852       0.0000      0.94501      0.68668      0.93594    
whitetune.out3:1798504989  0.17101       1.2240      0.84383      0.93918       1.0928      0.97326      0.94050       0.0000      0.95474       1.0362       1.0052    
whitetune.out3:1805160681  0.17860      0.79200      0.92629      0.95412      0.99814       1.2648       1.0124       0.0000      0.92134       1.0270      0.95220    
whitetune.out3:1807601913  0.17580       1.0460       1.1287       1.0635       1.0880      0.89271       1.1962       0.0000      0.69533      0.83940       1.0493    
whitetune.out3:1810749984  0.17994       1.0247      0.91645      0.44103       1.0172       1.0352      0.71819       0.0000       1.1857       1.2842       1.0525    
whitetune.out3:1813066653  0.25973      0.59636       1.2326       1.1060       1.0339      0.79161      0.83328       0.0000      0.17203      0.91896      0.67750    
whitetune.out3:1817376784  0.17494       1.2048       1.0042      0.67638       1.0850       1.0036       1.0401       0.0000      0.79862       1.0108      0.92089    
whitetune.out3:1817501603  0.17889       1.0726      0.77927       1.0129       1.0249      0.84513       1.2684       0.0000       1.2443      0.93967       1.0468    
whitetune.out3:1819376423  0.24938       1.2208      0.84055      0.88495      0.17600      0.81326      0.96149       0.0000       1.1416      0.68821      0.96991    
whitetune.out3:1825931097  0.23282       1.0473      0.17863       1.0725      0.86741       1.0500       1.0348       0.0000      0.87712      0.67539      0.62812    
whitetune.out3:1836825437  0.17587       1.0511      0.80262      0.85600      0.67206      0.85730       1.0389       0.0000      0.75033       1.2656       1.0337    
whitetune.out3:1843072567  0.17827       1.2255       1.1098       1.0073       1.0280      0.85825       1.0211       0.0000      0.63814       1.0555       1.2199    
whitetune.out3:1843083046  0.25925      0.83123       1.2652      0.17678      0.95158       1.1094       1.1439       0.0000      0.97906      0.65517      0.85572    
whitetune.out3:1844297513  0.17365      0.90388      0.69391      0.74349      0.93867      0.75452      0.95397       0.0000       1.0130       1.0466      0.69191    
whitetune.out3:1848933841  0.17434      0.66822       1.1121      0.99769      0.77013      0.92654      0.66040       0.0000      0.95976       1.0124      0.85768    
whitetune.out3:1852426672  0.25944      0.61164      0.80831      0.86221       1.0311      0.86131      0.17558       0.0000      0.79319      0.84913       1.0284    
whitetune.out3:1853488045  0.25435       1.2126       1.2217       1.0937       1.1236       1.1972      0.17919       0.0000       1.0299       1.2696       1.1557    
whitetune.out3:1859091215  0.24998      0.17404       1.1247      0.98214       1.3620       1.0640      0.90840       0.0000       1.1783      0.82751      0.93456    
whitetune.out3:1866483845  0.17865      0.79372      0.53623       1.0965       1.0031       1.2094      0.97700       0.0000       1.0886       1.0800      0.95717    
whitetune.out3:1869032834  0.17371       1.2641      0.95336       1.1165       1.0498       1.0443      0.98652       0.0000      0.90888       1.2562      0.99626    
whitetune.out3:1872419871  0.24853      0.90410      0.98598      0.76606      0.17002       1.2598       1.1551       0.0000      0.91495      0.64122      0.83789    
whitetune.out3:1879601391  0.24994       1.0197      0.69653      0.99920      0.17972      0.84878       1.1954       0.0000       1.1710      0.74580       1.1437    
whitetune.out3:1884163586  0.17249       1.2209       1.1957      0.89659       1.3280      0.88998      0.75415       0.0000      0.98685      0.81217      0.87011    
whitetune.out3:1885970296  0.24927      0.95613      0.92008      0.17399       1.0355      0.85850       1.0131       0.0000      0.79578      0.92328      0.91194    
whitetune.out3:1890074581  0.17450       1.2219      0.61093       1.4126      0.78669       1.0106      0.89030       0.0000      0.91668       1.1886      0.82470    
whitetune.out3:1890162174  0.17660       1.1548      0.82630      0.92022      0.90972       1.0858       1.0532       0.0000      0.78523      0.87433      0.82586    
whitetune.out3:1899014699  0.17152      0.97897      0.74357      0.94860      0.90456      0.89989      0.85925       0.0000      0.82955       1.3423      0.73382    
whitetune.out3:1902115706  0.25580      0.82103       1.0275       1.1493      0.17303      0.93552       1.1867       0.0000      0.99390       1.1403       1.0643    
whitetune.out3:1914827886  0.17187      0.84894       1.0844      0.84382      0.98827       1.0239      0.80381       0.0000      0.74379       1.2016       1.0034    
whitetune.out3:1923896097  0.17383      0.81068       1.1352      0.99102      0.78379      0.87894      0.66679       0.0000      0.63874      0.86511      0.94408    
whitetune.out3:1929451094  0.24708      0.82515      0.89942      0.94657      0.17985      0.78581      0.98016       0.0000      0.99764       1.0848      0.94330    
whitetune.out3:1930974391  0.24795      0.74177       1.1561      0.78982       1.0547      0.98738      0.17925       0.0000       1.0974       1.1835       1.1545    
whitetune.out3:1936388764  0.17748      0.96382      0.98114      0.76250       1.0429      0.68621      0.56561       0.0000      0.91508       1.0787      0.78927    
whitetune.out3:1938691081  0.17350       1.1868       1.1236       1.0306       1.1356      0.80959      0.92777       0.0000      0.96424       1.0747       1.0893    
whitetune.out3:1940310048  0.17398      0.99080      0.82838      0.93252       1.0836       1.1120      0.77721       0.0000      0.73664       1.2268      0.74598    
whitetune.out3:1941207390  0.17818      0.90610       1.2152      0.87499      0.91503       1.0845      0.86665       0.0000      0.76915      0.84402      0.81501    
whitetune.out3:1942851359  0.25996      0.17392       1.1151      0.58443       1.0586      0.98003      0.81591       0.0000       1.0782      0.79787      0.65490    
whitetune.out3:1942856666  0.17042       1.2358      0.84092       1.0136      0.72837      0.80534      0.94185       0.0000      0.95858       1.0227      0.66433    
whitetune.out3:1942952674  0.23040      0.93934       1.0822      0.85665       1.0494      0.81362      0.89946       0.0000      0.17365      0.58159       1.0169    
whitetune.out3:1967229498  0.17312       1.1170      0.83628      0.88626       1.1151      0.80510       1.1349       0.0000      0.76084       1.0284       1.2962    
whitetune.out3:1968676444  0.17793       1.0550       1.1261      0.75776       1.0592      0.97432      0.78705       0.0000       1.2854      0.95785       1.1589    
whitetune.out3:1969390742  0.24722      0.83848       1.1878      0.60418       1.0310      0.98317      0.17385       0.0000      0.85305      0.93882       1.0168    
whitetune.out3:1971547542  0.17435      0.85707      0.94029       1.2456       1.0662       1.0398      0.72526       0.0000       1.0380      0.72062       1.2980    
whitetune.out3:1978525944  0.17729       1.2195       1.0773      0.93467      0.94266       1.0246       1.0830       0.0000      0.68049      0.92181      0.97119    
whitetune.out3:1983079345  0.17131      0.58352       1.0512       1.0576       1.0706      0.57783      0.93143       0.0000      0.95551      0.86930       1.1000    
whitetune.out3:1995355317  0.17399      0.94256       1.1092      0.97441      0.84761      0.78461      0.77432       0.0000      0.86069      0.92130      0.90202    
whitetune.out:   1938681  0.16577      0.99736       1.3004      0.66126       1.0205      0.82676       1.0352       0.0000      0.85613      0.93010      0.73843    
whitetune.out:  13368004  0.16996       1.1329       1.0189       1.4930       1.0052       1.0783       1.1175       0.0000      0.93963       1.1970      0.76886    
whitetune.out:  28487404  0.16323      0.94974      0.82801      0.61174       1.0157      0.95888       1.0320       0.0000      0.78161       1.1516       1.2150    
whitetune.out:  51610565  0.16640      0.78702       1.0168      0.79915      0.84239       1.2840       1.0247       0.0000      0.78127       1.0985      0.98067    
whitetune.out:  51672027  0.16749      0.62518      0.93934       1.1679      0.79794      0.82702      0.94571       0.0000       1.2130      0.95670      0.88612    
whitetune.out:  58887833  0.16659      0.59301      0.90710       1.0014      0.95974      0.97016      0.93099       0.0000       1.1203       1.0338       1.1634    
whitetune.out: 119986245  0.16926      0.85728       1.2339      0.55430       1.3355       1.1283      0.84074       0.0000      0.87347      0.86922      0.95686    
whitetune.out: 200087861  0.16725      0.80920       1.3593       1.2754      0.94697      0.98323       1.1288       0.0000       1.0970       1.2182      0.82174    
whitetune.out: 221154577  0.16918       1.1664      0.76981      0.81057      0.91777      0.77383       1.0636       0.0000      0.71681       1.0565      0.87837    
whitetune.out: 267951172  0.16732      0.94830       1.1392      0.93957       1.0255      0.81453      0.81760       0.0000      0.73593      0.99928      0.80910    
whitetune.out: 269240098  0.16714      0.90258      0.73269      0.85294      0.99707       1.0558      0.49867       0.0000       1.1203      0.90463       1.0441    
whitetune.out: 287341830  0.16056       1.1526      0.78911       1.0190      0.94039       1.0477       1.1729       0.0000       1.3099       1.0406      0.94438    
whitetune.out: 317601922  0.16967      0.96482       1.3182      0.92192      0.97479       1.2363       1.2649       0.0000       1.0704      0.78113      0.92402    
whitetune.out: 330784073  0.16818       1.1095      0.78175      0.96116      0.78986      0.81514       1.3125       0.0000      0.91698       1.0808      0.85017    
whitetune.out: 357064590  0.16580      0.81227      0.86456      0.79710      0.88222       1.0019       1.0762       0.0000      0.92613      0.82054      0.81906    
whitetune.out: 360160314  0.16936      0.93647      0.85231       1.0683      0.57777       1.2886       1.1447       0.0000       1.0725      0.94483       1.1261    
whitetune.out: 370280685  0.16066      0.78904      0.85473      0.68967       1.1796      0.85869      0.67970       0.0000       1.0302      0.78309       1.0933    
whitetune.out: 379038582  0.16075       1.1913       1.1619       1.2435      0.68848       1.1657      0.90811       0.0000      0.91134      0.86879      0.87098    
whitetune.out: 384271566  0.16890       1.2949       1.0811       1.1562       1.0257       1.2910      0.86242       0.0000      0.67992      0.99747       1.0521    
whitetune.out: 464183090  0.16357      0.78414      0.97660       1.2036       1.2940      0.98256      0.98674       0.0000       1.0582      0.80277       1.3033    
whitetune.out: 508190698  0.16678      0.91854       1.0163       1.3343      0.86528      0.96047       1.1523       0.0000      0.72894      0.96914       1.0007    
whitetune.out: 511069080  0.16635      0.82909      0.93801       1.0896      0.88333      0.64876       1.2847       0.0000      0.97767      0.81092      0.96866    
whitetune.out: 531447110  0.16539      0.72820      0.93205      0.83221      0.94165       1.2573      0.84809       0.0000       1.2435      0.74469       1.2056    
whitetune.out: 537566903  0.16109      0.95091       1.2893      0.98035      0.91285      0.89940       1.0643       0.0000       1.1955      0.92202       1.2351    
whitetune.out: 544221860  0.16881       1.0633       1.1022      0.90493       1.0681      0.64347       1.2389       0.0000       1.2201      0.98152       1.0170    
whitetune.out: 567978696  0.16662      0.99156       1.3882       1.1797       1.2430       1.0138       1.0045       0.0000      0.75133       1.0470      0.98147    
whitetune.out: 606511549  0.16663      0.64048       1.1433      0.87495       1.0809      0.94514       1.3719       0.0000       1.1804      0.91806      0.92436    
whitetune.out: 624727699  0.16034      0.99985       1.0687       1.1469       1.0778      0.99782      0.66656       0.0000      0.74782      0.95304      0.81340    
whitetune.out: 637430747  0.16215      0.76351      0.83108      0.88009       1.2428      0.97236       1.1229       0.0000       1.1690       1.0272      0.92632    
whitetune.out: 640613190  0.16515      0.72942      0.97598      0.94739      0.63451       1.0574      0.92995       0.0000      0.99242      0.81908      0.84256    
whitetune.out: 645746531  0.16780      0.78885      0.65535       1.0766      0.69535      0.86060      0.78129       0.0000       1.2417       1.0401      0.68786    
whitetune.out: 735416050  0.16984       1.0633       1.0777      0.89551      0.89514      0.93569       1.0410       0.0000      0.84744      0.90667       1.2164    
whitetune.out: 765659260  0.16727       1.1487      0.92689      0.72967      0.90842      0.93657      0.95918       0.0000      0.81556       1.0857       1.2862    
whitetune.out3: 849937999  0.16504       1.0629       1.2671      0.74540      0.91527       1.1355      0.98394       0.0000      0.79332       1.1508       1.2314    
whitetune.out3: 862413850  0.16436      0.91843       1.1734       1.0760       1.1488       1.5205       1.0477       0.0000      0.79698       1.0481       1.0461    
whitetune.out3: 877473010  0.16051      0.99167      0.80041      0.71653      0.86037      0.67024       1.1956       0.0000      0.86466       1.1653      0.80989    
whitetune.out3: 879134985  0.16562      0.95339       1.0232       1.0694       1.0763      0.89693       1.1643       0.0000       1.2417       1.2694      0.75479    
whitetune.out3: 892375230  0.16751       1.0936       1.1662       1.0361       1.1226      0.99250       1.4014       0.0000       1.1820      0.90516       1.2099    
whitetune.out3: 946005310  0.16290       1.2054      0.85529       1.2289       1.2523      0.88337       1.1584       0.0000       1.1139      0.86639       1.1018    
whitetune.out3: 959499838  0.16739       1.1585      0.69712       1.0871       1.0139      0.84269      0.67059       0.0000       1.0528      0.98854      0.76009    
whitetune.out3:1002504691  0.16260      0.88760      0.93166      0.71210      0.73041      0.70220      0.87718       0.0000      0.92192      0.95815      0.86444    
whitetune.out3:1051672027  0.16749      0.62518      0.93934       1.1679      0.79794      0.82702      0.94571       0.0000       1.2130      0.95670      0.88612    
whitetune.out3:1058879731  0.16136      0.94253      0.92812      0.78363       1.0663      0.92376      0.69840       0.0000      0.82850      0.82308       1.3721    
whitetune.out3:1063881715  0.16902      0.77287       1.1832       1.0335      0.84311       1.1182      0.76734       0.0000       1.1598      0.97510      0.79806    
whitetune.out3:1111389725  0.16177       1.0237       1.2118      0.74556      0.86133       1.1080       1.2201       0.0000      0.89566      0.95363      0.85618    
whitetune.out3:1119986245  0.16926      0.85728       1.2339      0.55430       1.3355       1.1283      0.84074       0.0000      0.87347      0.86922      0.95686    
whitetune.out3:1126545974  0.16742       1.2651       1.3097       1.1905       1.0009       1.1609       1.2062       0.0000      0.81384       1.1026      0.91801    
whitetune.out3:1131340674  0.16034       1.1131      0.99717      0.93072      0.84295      0.70609      0.83764       0.0000      0.94171       1.1569       1.1850    
whitetune.out3:1138342356  0.16187       1.2326       1.2067       1.0320      0.92366      0.96529       1.1343       0.0000      0.81991      0.81690      0.87521    
whitetune.out3:1152036131  0.16338      0.59736      0.90079       1.0255       1.0772       1.0486      0.80309       0.0000      0.86004      0.92637      0.82048    
whitetune.out3:1192140200  0.16411       1.0779       1.2295      0.71544      0.70658      0.88567      0.83959       0.0000       1.0409       1.1550      0.85353    
whitetune.out3:1200087861  0.16725      0.80920       1.3593       1.2754      0.94697      0.98323       1.1288       0.0000       1.0970       1.2182      0.82174    
whitetune.out3:1221154577  0.16918       1.1664      0.76981      0.81057      0.91777      0.77383       1.0636       0.0000      0.71681       1.0565      0.87837    
whitetune.out3:1267951172  0.16732      0.94830       1.1392      0.93957       1.0255      0.81453      0.81760       0.0000      0.73593      0.99928      0.80910    
whitetune.out3:1269240098  0.16714      0.90258      0.73269      0.85294      0.99707       1.0558      0.49867       0.0000       1.1203      0.90463       1.0441    
whitetune.out3:1287341830  0.16056       1.1526      0.78911       1.0190      0.94039       1.0477       1.1729       0.0000       1.3099       1.0406      0.94438    
whitetune.out3:1317601922  0.16967      0.96482       1.3182      0.92192      0.97479       1.2363       1.2649       0.0000       1.0704      0.78113      0.92402    
whitetune.out3:1330784073  0.16818       1.1095      0.78175      0.96116      0.78986      0.81514       1.3125       0.0000      0.91698       1.0808      0.85017    
whitetune.out3:1357064590  0.16580      0.81227      0.86456      0.79710      0.88222       1.0019       1.0762       0.0000      0.92613      0.82054      0.81906    
whitetune.out3:1360160314  0.16936      0.93647      0.85231       1.0683      0.57777       1.2886       1.1447       0.0000       1.0725      0.94483       1.1261    
whitetune.out3:1370280685  0.16066      0.78904      0.85473      0.68967       1.1796      0.85869      0.67970       0.0000       1.0302      0.78309       1.0933    
whitetune.out3:1379038582  0.16075       1.1913       1.1619       1.2435      0.68848       1.1657      0.90811       0.0000      0.91134      0.86879      0.87098    
whitetune.out3:1384271566  0.16890       1.2949       1.0811       1.1562       1.0257       1.2910      0.86242       0.0000      0.67992      0.99747       1.0521    
whitetune.out3:1464183090  0.16357      0.78414      0.97660       1.2036       1.2940      0.98256      0.98674       0.0000       1.0582      0.80277       1.3033    
whitetune.out3:1508190698  0.16678      0.91854       1.0163       1.3343      0.86528      0.96047       1.1523       0.0000      0.72894      0.96914       1.0007    
whitetune.out3:1511069080  0.16635      0.82909      0.93801       1.0896      0.88333      0.64876       1.2847       0.0000      0.97767      0.81092      0.96866    
whitetune.out3:1531447110  0.16539      0.72820      0.93205      0.83221      0.94165       1.2573      0.84809       0.0000       1.2435      0.74469       1.2056    
whitetune.out3:1537566903  0.16109      0.95091       1.2893      0.98035      0.91285      0.89940       1.0643       0.0000       1.1955      0.92202       1.2351    
whitetune.out3:1544221860  0.16881       1.0633       1.1022      0.90493       1.0681      0.64347       1.2389       0.0000       1.2201      0.98152       1.0170    
whitetune.out3:1567978696  0.16662      0.99156       1.3882       1.1797       1.2430       1.0138       1.0045       0.0000      0.75133       1.0470      0.98147    
whitetune.out3:1606511549  0.16663      0.64048       1.1433      0.87495       1.0809      0.94514       1.3719       0.0000       1.1804      0.91806      0.92436    
whitetune.out3:1624727699  0.16034      0.99985       1.0687       1.1469       1.0778      0.99782      0.66656       0.0000      0.74782      0.95304      0.81340    
whitetune.out3:1637430747  0.16215      0.76351      0.83108      0.88009       1.2428      0.97236       1.1229       0.0000       1.1690       1.0272      0.92632    
whitetune.out3:1640613190  0.16515      0.72942      0.97598      0.94739      0.63451       1.0574      0.92995       0.0000      0.99242      0.81908      0.84256    
whitetune.out3:1645746531  0.16780      0.78885      0.65535       1.0766      0.69535      0.86060      0.78129       0.0000       1.2417       1.0401      0.68786    
whitetune.out3:1735416050  0.16984       1.0633       1.0777      0.89551      0.89514      0.93569       1.0410       0.0000      0.84744      0.90667       1.2164    
whitetune.out3:1765659260  0.16727       1.1487      0.92689      0.72967      0.90842      0.93657      0.95918       0.0000      0.81556       1.0857       1.2862    
whitetune.out3:1821874227  0.16753      0.81411      0.84848      0.81043       1.0211       1.0010      0.77239       0.0000      0.86062       1.2383      0.87815    
whitetune.out3:1830572183  0.16192      0.99375      0.82031      0.70835      0.87793      0.98333      0.95468       0.0000      0.80623      0.87021      0.88137    
whitetune.out3:1842099487  0.16732       1.0264      0.85836      0.86170       1.2019      0.83772      0.73670       0.0000      0.64654      0.89468      0.76012    
whitetune.out3:1842184346  0.16962      0.79244      0.74901       1.2561      0.74336      0.79469      0.79881       0.0000       1.0870      0.97211       1.0451    
whitetune.out3:1843387148  0.16325       1.0032       1.1667      0.98464       1.0025      0.68231      0.87568       0.0000      0.90404       1.2491       1.0603    
whitetune.out3:1847150257  0.16936       1.1248      0.67331      0.94327      0.94550      0.98557       1.0712       0.0000       1.0124       1.2398      0.88055    
whitetune.out3:1884781802  0.16171      0.63317      0.92600       1.1075      0.87205       1.1254      0.84796       0.0000       1.0355      0.98669      0.69466    
whitetune.out3:1885723596  0.16529      0.69702      0.90320      0.75859      0.91127       1.0037       1.2515       0.0000       1.2825       1.0809      0.89119    
whitetune.out3:1893982102  0.16455       1.1764      0.66851      0.98784      0.99124       1.0347      0.93335       0.0000       1.1177       1.0337      0.90785    
whitetune.out3:1896585066  0.16085       1.2510      0.78940       1.0306      0.76003      0.74791      0.98470       0.0000      0.69730      0.79191      0.90099    
whitetune.out3:1946005310  0.16290       1.2054      0.85529       1.2289       1.2523      0.88337       1.1584       0.0000       1.1139      0.86639       1.1018    
whitetune.out3:1959499838  0.16739       1.1585      0.69712       1.0871       1.0139      0.84269      0.67059       0.0000       1.0528      0.98854      0.76009    
whitetune.out: 162932788  0.15822      0.85167       1.1257      0.79837      0.99896       1.1542       1.0718       0.0000       1.3222       1.1730      0.88582    
whitetune.out: 186917921  0.15563      0.74415      0.79749       1.0615      0.87705      0.75095      0.92943       0.0000      0.84512       1.0412      0.75266    
whitetune.out: 191015507  0.15665      0.84996      0.99312       1.1815       1.0845      0.72393       1.1478       0.0000       1.2375       1.1205       1.2074    
whitetune.out: 197723328  0.15895      0.88517      0.69915      0.99737      0.72639      0.86046      0.77733       0.0000      0.98208       1.0534      0.96049    
whitetune.out: 209957762  0.15755      0.99962      0.95026      0.74601      0.93347      0.90736       1.3587       0.0000      0.98155      0.92574       1.2980    
whitetune.out: 339964875  0.15560      0.89274       1.2161      0.89711       1.0642      0.85236      0.89375       0.0000      0.93070       1.1954       1.1266    
whitetune.out: 342224035  0.15315       1.0788       1.0714      0.79372      0.94955      0.77557       1.0866       0.0000       1.0529       1.0463      0.88213    
whitetune.out: 424212554  0.15715       1.0337       1.1313      0.84531       1.1249       1.0479      0.95183       0.0000      0.95864       1.1555       1.2187    
whitetune.out: 449549299  0.15014      0.88521       1.2110      0.82494      0.86468       1.1990      0.81857       0.0000       1.0345      0.89683       1.0741    
whitetune.out: 537638168  0.15342       1.1062       1.1340      0.78286      0.72377       1.0873       1.1124       0.0000      0.92518      0.89066      0.94786    
whitetune.out: 626357178  0.15376      0.82492      0.85162       1.1168       1.2054      0.92359      0.77179       0.0000      0.80301       1.2553      0.72656    
whitetune.out: 627364727  0.15882       1.0661      0.96770      0.84359       1.0557       1.0452       1.1087       0.0000      0.91234       1.0284      0.82502    
whitetune.out: 637064046  0.15963       1.1981       1.0111      0.80482       1.1027      0.77419      0.88168       0.0000      0.99669      0.56557      0.92091    
whitetune.out: 654146924  0.15844       1.2003      0.97374       1.1292       1.0554      0.84598       1.0787       0.0000      0.81001       1.2211      0.98794    
whitetune.out: 773055407  0.15432      0.85809      0.86304       1.1763      0.97541      0.87237      0.58686       0.0000       1.1697      0.92680       1.0345    
whitetune.out3: 930953515  0.15965      0.91683       1.0460      0.97810       1.0023       1.1250       1.0960       0.0000      0.60784       1.1205      0.86892    
whitetune.out3:1109957460  0.15712      0.77472      0.92326      0.75899       1.1872       1.2624       1.1143       0.0000       1.2093      0.96858      0.91031    
whitetune.out3:1162932788  0.15822      0.85167       1.1257      0.79837      0.99896       1.1542       1.0718       0.0000       1.3222       1.1730      0.88582    
whitetune.out3:1186917921  0.15563      0.74415      0.79749       1.0615      0.87705      0.75095      0.92943       0.0000      0.84512       1.0412      0.75266    
whitetune.out3:1191015507  0.15665      0.84996      0.99312       1.1815       1.0845      0.72393       1.1478       0.0000       1.2375       1.1205       1.2074    
whitetune.out3:1197723328  0.15895      0.88517      0.69915      0.99737      0.72639      0.86046      0.77733       0.0000      0.98208       1.0534      0.96049    
whitetune.out3:1209957762  0.15755      0.99962      0.95026      0.74601      0.93347      0.90736       1.3587       0.0000      0.98155      0.92574       1.2980    
whitetune.out3:1339964875  0.15560      0.89274       1.2161      0.89711       1.0642      0.85236      0.89375       0.0000      0.93070       1.1954       1.1266    
whitetune.out3:1342224035  0.15315       1.0788       1.0714      0.79372      0.94955      0.77557       1.0866       0.0000       1.0529       1.0463      0.88213    
whitetune.out3:1424212554  0.15715       1.0337       1.1313      0.84531       1.1249       1.0479      0.95183       0.0000      0.95864       1.1555       1.2187    
whitetune.out3:1449549299  0.15014      0.88521       1.2110      0.82494      0.86468       1.1990      0.81857       0.0000       1.0345      0.89683       1.0741    
whitetune.out3:1537638168  0.15342       1.1062       1.1340      0.78286      0.72377       1.0873       1.1124       0.0000      0.92518      0.89066      0.94786    
whitetune.out3:1626357178  0.15376      0.82492      0.85162       1.1168       1.2054      0.92359      0.77179       0.0000      0.80301       1.2553      0.72656    
whitetune.out3:1627364727  0.15882       1.0661      0.96770      0.84359       1.0557       1.0452       1.1087       0.0000      0.91234       1.0284      0.82502    
whitetune.out3:1637064046  0.15963       1.1981       1.0111      0.80482       1.1027      0.77419      0.88168       0.0000      0.99669      0.56557      0.92091    
whitetune.out3:1654146924  0.15844       1.2003      0.97374       1.1292       1.0554      0.84598       1.0787       0.0000      0.81001       1.2211      0.98794    
whitetune.out3:1773055407  0.15432      0.85809      0.86304       1.1763      0.97541      0.87237      0.58686       0.0000       1.1697      0.92680       1.0345    
whitetune.out3:1930953515  0.15965      0.91683       1.0460      0.97810       1.0023       1.1250       1.0960       0.0000      0.60784       1.1205      0.86892    
whitetune.out: 690941599  0.14047       1.1970       1.2566       1.1242      0.91387       1.0889      0.95141       0.0000      0.70000       1.0853      0.87415    
whitetune.out3: 846446304  0.14942       1.1075      0.98105       1.0964      0.97102      0.95534      0.82191       0.0000      0.85196       1.0764      0.65979    
whitetune.out3: 891054937  0.14260      0.65882       1.1068      0.78203      0.92572      0.85426       1.1380       0.0000      0.69541       1.0871       1.1544    
whitetune.out3: 948525825  0.14321      0.93483      0.87318      0.73258      0.97302       1.0261      0.89483       0.0000      0.94077      0.93872      0.85655    
whitetune.out3:1690941599  0.14047       1.1970       1.2566       1.1242      0.91387       1.0889      0.95141       0.0000      0.70000       1.0853      0.87415    
whitetune.out3:1830156649  0.14637       1.0572       1.2712       1.1074      0.84120      0.70990       1.0434       0.0000      0.84751       1.2008       1.0942    
whitetune.out3:1948525825  0.14321      0.93483      0.87318      0.73258      0.97302       1.0261      0.89483       0.0000      0.94077      0.93872      0.85655    
whitetune.out: 122497061  0.13064      0.77186       1.0004       1.0436       1.2339       1.0317       1.1772       0.0000      0.86104       1.0250       1.0494    
